73 411
22 34
51 541
47 51
50 466
55 196
76 642
66 630
88 785
27 684
90 632
62 528
2 449
67 306
25 152
87 464
82 837
37 156
60 357
56 636
38 493
88 337
48 78
16 21
24 904
94 706
65 613
63 844
44 999
35 801
93 445
57 625
92 759
96 332
43 548
75 198
41 143
20 197
73 997
77 306
32 759
4 77
81 654
94 541
65 75
13 725
54 292
85 373
74 226
21 232
59 548
26 751
42 712
6 296
93 285
72 703
30 98
75 695
55 526
18 533
6 712
48 875
97 891
97 882
15 326
30 186
77 617
21 849
85 877
39 178
3 469
58 437
27 935
96 776
74 63
84 679
18 560
45 675
20 101
19 789
75 547
24 362
36 676
91 672
4 625
21 489
78 188
28 121
45 826
47 277
12 620
16 233
57 832
67 511
66 803
47 175
76 235
1 418
92 469
58 200
